95
98
97
98
97
95
95
96
97
96
97
96
97
96
98
95
98
97
96
98
97
96
96
96
96
95
96
97
96
96
95
97
97
98
95
95
98
96
98
98
96
97
95
96
96
97
98
97
98
97
96
98
98
97
98
96
98
96
96
96
96
97
96
97
97
95
97
97
98
96
97
98
95
98
96
96
98
97
95
97
95
98
96
95
98
95
96
96
95
95
99
99
98
99
98
103
95
98
97
97
105
101
101
102
105
104
101
97
98
102
98
100
99
96
103
102
95
95
100
96
99
98
105
102
103
102
99
96
105
100
98
96
103
97
101
97
103
96
103
105
102
97
98
96
101
97
96
103
104
104
100
103
102
100
102
96
105
96
105
102
104
98
103
100
103
103
100
104
95
105
99
97
100
100
99
104
95
99
95
102
102
104
99
97
99
103
104
98
95
102
98
97
104
105
98
100
99
102
97
100
104
98
95
99
100
98
104
98
103
105
96
99
98
101
97
100
101
98
105
99
104
100
95
96
97
98
97
101
98
104
100
99
96
96
103
103
100
104
97
97
102
103
95
96
105
96
97
95
96
100
102
101
103
102
99
95
96
101
100
99
103
97
101
95
103
95
104
103
102
97
98
95
98
99
102
100
105
95
100
97
105
99
102
102
105
101
99
101
105
103
96
95
101
96
95
100
105
104
95
104
102
101
100
101
105
95
101
96
103
97
104
103
99
99
98
105
97
103
102
95
95
96
99
96
104
105
103
100
96
99
98
95
98
102
101
96
96
96
104
104
100
105
103
100
100
99
101
101
99
101
101
97
98
99
96
95
101
105
100
100
97
99
104
104
103
99
101
105
103
100
105
98
103
101
100
103
95
100
103
99
102
95
99
104
96
104
99
100
101
104
104
98
99
97
100
96
101
98
96
105
